
threshold	percentile	cutoff_TG4h_mgdl	model	auroc_mean	auroc_std	brier_mean	brier_std	f1_mean	recall_mean	precision_mean	acc_mean
25	0.75	75.0	528.265406	logreg_elastic	0.800782	0.016302	0.184797	0.007890	0.566633	0.720000	0.467197	0.724667
24	0.75	75.0	528.265406	logreg_l2	0.800628	0.016425	0.184960	0.007858	0.565144	0.717333	0.466306	0.724000
30	0.75	75.0	528.265406	catboost	0.777410	0.021441	0.158101	0.007792	0.405237	0.328000	0.535872	0.759333
27	0.75	75.0	528.265406	gb	0.772610	0.017269	0.158585	0.004878	0.382919	0.298667	0.542484	0.760000
26	0.75	75.0	528.265406	rf	0.768486	0.017150	0.157808	0.004530	0.330629	0.245333	0.514756	0.752000
28	0.75	75.0	528.265406	xgb	0.764219	0.018834	0.166251	0.007148	0.402254	0.338667	0.499267	0.748000
31	0.75	75.0	528.265406	svm_rbf	0.760806	0.025965	0.160163	0.006753	0.340397	0.258667	0.508904	0.750000
29	0.75	75.0	528.265406	lgbm	0.760119	0.017831	0.189355	0.011512	0.463392	0.437333	0.494481	0.747333
