
	threshold	percentile	cutoff_TG4h_mgdl	model	auroc_mean	auroc_std	brier_mean	brier_std	f1_mean	recall_mean	precision_mean	acc_mean
0	0.60	60.0	431.528475	logreg_l2	0.797296	0.013149	0.185675	0.005143	0.668458	0.708333	0.633472	0.719333
1	0.60	60.0	431.528475	logreg_elastic	0.797556	0.013283	0.185584	0.005210	0.668458	0.708333	0.633472	0.719333
2	0.60	60.0	431.528475	rf	0.769481	0.024551	0.189914	0.009507	0.614503	0.596667	0.633584	0.700667
3	0.60	60.0	431.528475	gb	0.769000	0.016247	0.192187	0.006232	0.621750	0.621667	0.623088	0.698000
4	0.60	60.0	431.528475	xgb	0.759315	0.018822	0.203571	0.009774	0.606067	0.603333	0.609166	0.686667
5	0.60	60.0	431.528475	lgbm	0.741296	0.019649	0.238424	0.014408	0.599341	0.611667	0.587868	0.673333
6	0.60	60.0	431.528475	catboost	0.770787	0.015857	0.191574	0.006765	0.634330	0.635000	0.634272	0.707333
7	0.60	60.0	431.528475	svm_rbf	0.763194	0.019955	0.192424	0.007252	0.615240	0.603333	0.628281	0.698000
8	0.65	65.0	461.125716	logreg_l2	0.804269	0.024279	0.183835	0.010428	0.643943	0.712381	0.588678	0.724667
9	0.65	65.0	461.125716	logreg_elastic	0.804454	0.024370	0.183744	0.010473	0.643943	0.712381	0.588678	0.724667
10	0.65	65.0	461.125716	rf	0.775722	0.025787	0.182224	0.008727	0.553311	0.512381	0.609615	0.712667
11	0.65	65.0	461.125716	gb	0.779409	0.023021	0.181828	0.009157	0.569735	0.537143	0.609953	0.716667
12	0.65	65.0	461.125716	xgb	0.757646	0.025476	0.198095	0.013832	0.539619	0.508571	0.576593	0.697333
13	0.65	65.0	461.125716	lgbm	0.754735	0.026700	0.224913	0.017816	0.573528	0.579048	0.570771	0.700000
14	0.65	65.0	461.125716	catboost	0.781197	0.025752	0.182157	0.011120	0.556618	0.520000	0.603267	0.710667
15	0.65	65.0	461.125716	svm_rbf	0.777455	0.029792	0.181473	0.009785	0.561115	0.518095	0.616572	0.717333
16	0.70	70.0	487.930502	logreg_l2	0.800381	0.027548	0.185052	0.013702	0.601876	0.706667	0.524579	0.718667
17	0.70	70.0	487.930502	logreg_elastic	0.800762	0.027574	0.184885	0.013636	0.601876	0.706667	0.524579	0.718667
18	0.70	70.0	487.930502	rf	0.771339	0.022342	0.172117	0.007049	0.470407	0.397778	0.576384	0.730667
19	0.70	70.0	487.930502	gb	0.777778	0.019652	0.171240	0.008282	0.501157	0.442222	0.579847	0.735333
20	0.70	70.0	487.930502	xgb	0.765810	0.016779	0.180812	0.009612	0.484079	0.435556	0.546105	0.722000
21	0.70	70.0	487.930502	lgbm	0.754370	0.017289	0.211833	0.011213	0.502861	0.508889	0.497751	0.698667
22	0.70	70.0	487.930502	catboost	0.777291	0.017547	0.172311	0.007751	0.481724	0.420000	0.565572	0.728667
23	0.70	70.0	487.930502	svm_rbf	0.769757	0.027954	0.172326	0.008207	0.467639	0.388889	0.587494	0.734000
24	0.75	75.0	528.265406	logreg_l2	0.800628	0.016425	0.184960	0.007858	0.565144	0.717333	0.466306	0.724000
25	0.75	75.0	528.265406	logreg_elastic	0.800782	0.016302	0.184797	0.007890	0.566633	0.720000	0.467197	0.724667
26	0.75	75.0	528.265406	rf	0.768486	0.017150	0.157808	0.004530	0.330629	0.245333	0.514756	0.752000
27	0.75	75.0	528.265406	gb	0.772610	0.017269	0.158585	0.004878	0.382919	0.298667	0.542484	0.760000
28	0.75	75.0	528.265406	xgb	0.764219	0.018834	0.166251	0.007148	0.402254	0.338667	0.499267	0.748000
29	0.75	75.0	528.265406	lgbm	0.760119	0.017831	0.189355	0.011512	0.463392	0.437333	0.494481	0.747333
30	0.75	75.0	528.265406	catboost	0.777410	0.021441	0.158101	0.007792	0.405237	0.328000	0.535872	0.759333
31	0.75	75.0	528.265406	svm_rbf	0.760806	0.025965	0.160163	0.006753	0.340397	0.258667	0.508904	0.750000
32	0.80	80.0	568.798139	logreg_l2	0.810375	0.011429	0.180497	0.008235	0.526186	0.736667	0.409289	0.734667
33	0.80	80.0	568.798139	logreg_elastic	0.810708	0.011491	0.180228	0.008235	0.526186	0.736667	0.409289	0.734667
34	0.80	80.0	568.798139	rf	0.783236	0.009237	0.135494	0.002618	0.247595	0.166667	0.510707	0.800000
35	0.80	80.0	568.798139	gb	0.792479	0.010547	0.135867	0.003318	0.335000	0.253333	0.498880	0.799333
36	0.80	80.0	568.798139	xgb	0.788667	0.014228	0.141374	0.004763	0.343355	0.273333	0.466284	0.793333
37	0.80	80.0	568.798139	lgbm	0.786181	0.012441	0.160690	0.003516	0.419448	0.383333	0.471745	0.791333
38	0.80	80.0	568.798139	catboost	0.796556	0.005218	0.135756	0.001887	0.297408	0.223333	0.457820	0.791333
39	0.80	80.0	568.798139	svm_rbf	0.771597	0.016834	0.137912	0.003623	0.260523	0.180000	0.483074	0.796667
40	0.85	85.0	613.619073	logreg_l2	0.823791	0.021141	0.176416	0.007996	0.452883	0.728889	0.328807	0.736000
41	0.85	85.0	613.619073	logreg_elastic	0.823948	0.021206	0.176084	0.008001	0.451199	0.724444	0.327954	0.736000
42	0.85	85.0	613.619073	rf	0.794065	0.032205	0.110231	0.005423	0.137482	0.080000	0.514632	0.850000
43	0.85	85.0	613.619073	gb	0.802379	0.029229	0.112171	0.007309	0.242122	0.168889	0.437701	0.842667
44	0.85	85.0	613.619073	xgb	0.798815	0.032227	0.114275	0.009083	0.339968	0.248889	0.550528	0.857333
45	0.85	85.0	613.619073	lgbm	0.782902	0.030909	0.134221	0.011240	0.362834	0.315556	0.429789	0.834667
46	0.85	85.0	613.619073	catboost	0.812392	0.025921	0.110789	0.006034	0.245284	0.168889	0.452542	0.845333
47	0.85	85.0	613.619073	svm_rbf	0.777935	0.018733	0.113496	0.003680	0.076341	0.044444	0.476923	0.846667
48	0.90	90.0	672.222478	logreg_l2	0.849309	0.010553	0.164709	0.016352	0.389179	0.760000	0.262350	0.760000
49	0.90	90.0	672.222478	logreg_elastic	0.849407	0.010465	0.164252	0.016370	0.391142	0.760000	0.264154	0.762000
50	0.90	90.0	672.222478	rf	0.815543	0.022753	0.081046	0.003393	0.047857	0.026667	0.280000	0.898000
51	0.90	90.0	672.222478	gb	0.832383	0.022566	0.081699	0.005539	0.154808	0.100000	0.358254	0.890667
52	0.90	90.0	672.222478	xgb	0.808543	0.024676	0.087311	0.003508	0.198788	0.140000	0.351429	0.888667
53	0.90	90.0	672.222478	lgbm	0.790025	0.035123	0.101036	0.005637	0.249956	0.206667	0.338806	0.880667
54	0.90	90.0	672.222478	catboost	0.829753	0.015992	0.081598	0.002861	0.127454	0.080000	0.314286	0.890667
55	0.90	90.0	672.222478	svm_rbf	0.782444	0.024146	0.083840	0.003135	0.025024	0.013333	0.266667	0.900000
